Source File: 20241202-0.1PO-1NH3-0.2ct-20.0min.TXT
R.Time,Area,Height
1.499,33423,19228
1.564,147951,33524
1.673,1267329,683214
1.791,3532,1515
1.851,12871,5094
2.000,127641519,58061987
2.119,2004,1600
2.186,2471,1447
2.297,654661,341891
2.388,77719,37605
2.455,108209,35331
2.595,13766,2403
2.786,2651,767
2.844,3350,1825
3.135,13653,8452
3.360,13987,6128
3.559,2599,1290
3.639,3191167,1909632
3.924,1503,672
3.992,23070,12276
4.101,6716,3848
4.212,5277,2905
4.310,2053,933
4.418,3236,1471
4.900,17687,7980
4.951,27881,6179
5.101,5725,1099
5.327,12999,7053
6.191,1095,605
7.110,2621,668

Source File: 20241202-0.1PO-1NH3-0.2ct-20.2min.TXT
1.498,47689,25467
1.566,142506,34070
1.673,1719753,879026
1.792,4107,1703
1.855,13459,4794
2.003,126449058,56386404
2.122,2281,1970
2.187,2329,1347
2.298,1072078,617559
2.392,76194,34752
2.459,98410,33659
2.594,6437,1770
2.848,2021,1380
3.138,13701,8448
3.280,1342,452
3.364,11847,6129
3.566,1838,1131
3.641,2988087,1789829
3.995,28983,14986
4.104,6308,3569
4.177,1279,585
4.216,4109,2742
4.316,5824,1732
4.421,3459,1407
4.911,72721,12165
5.332,11959,6594
5.549,2291,406
6.192,1215,657
6.283,8792,3243
7.116,2489,610

Source File: 20241202-0.1PO-1NH3-0.2ct-20.4min.TXT
1.498,44401,25917
1.564,143629,36515
1.673,1643232,881475
1.791,4431,1758
1.852,13680,5141
2.002,127568737,58086963
2.124,2269,2139
2.187,2311,1385
2.296,1074406,634877
2.390,69120,34011
2.457,96370,33776
2.593,5026,1529
2.846,2021,1430
3.138,14245,8755
3.278,1531,515
3.363,11975,6317
3.561,1988,1124
3.641,2939644,1738209
3.930,1297,625
3.994,29660,15838
4.104,6276,3540
4.177,1384,632
4.216,4097,2690
4.315,6002,1902
4.421,2854,1302
4.926,75475,14351
5.332,11794,6694
5.602,3012,394
6.280,6683,2476
7.109,2598,666

Source File: 20241202-0.1PO-1NH3-0.2ct-20.6min.TXT
1.498,38613,22472
1.564,153243,38620
1.673,1416884,775630
1.792,4093,1666
1.851,16008,6446
2.001,133782504,60668016
2.119,1706,1584
2.187,2559,1496
2.294,887438,532882
2.390,66868,33761
2.456,96000,35134
2.593,4216,1308
2.846,2232,1555
3.137,15029,9253
3.279,1597,506
3.363,13123,6690
3.561,2353,1150
3.642,3159939,1886511
3.994,26766,14045
4.104,6584,3754
4.177,1390,644
4.216,4351,2896
4.315,5572,1905
4.422,2980,1426
4.922,74257,14545
5.100,1002,460
5.332,12460,7093
5.543,3460,556
6.114,1373,291
6.192,1799,834
6.283,8745,2680
6.380,1687,392
7.106,2836,782

Source File: 20241202-0.1PO-1NH3-0.2ct-20.8min.TXT
1.498,47031,25495
1.565,144743,35985
1.673,1597193,828118
1.792,3788,1516
1.854,13725,5172
2.002,127521706,57256340
2.121,2267,2016
2.187,2342,1380
2.296,1066736,633789
2.391,64790,32202
2.458,92884,33005
2.595,4755,1474
2.847,2047,1415
3.138,14451,8949
3.281,1380,457
3.363,13975,7068
3.561,2441,1172
3.641,2906412,1738824
3.995,29287,15404
4.105,6057,3479
4.177,1324,614
4.216,3993,2657
4.315,6432,2121
4.421,2798,1274
4.918,78187,17130
5.100,1019,450
5.332,11831,6705
5.527,2949,637
6.104,1401,289
6.192,1651,756
6.281,7936,2445
6.375,2051,489
7.103,2952,814

Source File: 20241202-0.1PO-2NH3-0.1ct-13.0min.TXT
1.499,46143,24463
1.565,146491,34652
1.673,920156,473948
1.792,3772,1520
1.854,15108,5761
2.003,127115819,56831144
2.122,2794,2418
2.188,2354,1376
2.296,632912,364064
2.392,59100,30104
2.458,84835,31411
2.596,2676,995
2.848,2118,1449
3.138,14279,8916
3.363,15047,7398
3.561,2801,1233
3.641,2911193,1728498
3.930,1258,622
3.995,23304,12175
4.104,6068,3489
4.177,1117,507
4.216,3938,2647
4.315,3954,1409
4.422,2508,1235
4.922,64126,12712
5.331,12002,6743
6.192,1146,588
6.279,7197,2431
6.375,1494,364
7.096,3008,932

Source File: 20241202-0.1PO-2NH3-0.1ct-13.1min.TXT
1.499,33605,19194
1.563,84951,36831
1.605,90892,39844
1.673,616264,343985
1.792,4252,1731
1.848,20055,8836
2.000,145219829,64876736
2.188,3050,1731
2.294,150713,79037
2.389,59614,34085
2.453,74686,33810
2.785,1158,569
2.845,3071,2092
3.136,16124,10363
3.361,18188,7903
3.561,2601,1336
3.643,3295935,1947983
3.928,1615,744
3.995,11509,6036
4.104,6867,3885
4.215,4945,2924
4.312,1640,1004
4.421,2564,1479
4.890,14759,5355
4.954,11054,3346
5.101,2766,883
5.327,14452,8371
6.193,1242,575
6.278,5940,1847
7.089,3393,1454
7.388,1024,534

Source File: 20241202-0.1PO-2NH3-0.1ct-13.2min.TXT
1.498,39908,22976
1.563,97041,39218
1.608,66426,30409
1.673,770760,422515
1.791,4084,1633
1.849,19289,8343
2.001,138390346,62342106
2.118,2970,2608
2.187,2720,1574
2.294,194955,105577
2.390,56073,30329
2.454,76288,32753
2.846,2737,1852
3.137,15486,9607
3.361,20580,8602
3.561,2613,1302
3.642,3191846,1904029
3.928,1570,723
3.995,12814,6577
4.104,6724,3792
4.216,4858,2882
4.313,1463,884
4.421,2451,1387
4.890,18666,7969
4.954,8929,2900
5.102,2124,749
5.327,13300,8005
6.193,1561,618
6.279,1408,464
7.088,3822,1568
7.223,2327,578
7.387,1400,606

Source File: 20241202-0.1PO-2NH3-0.1ct-13.3min.TXT
1.498,34898,20201
1.562,88435,39141
1.606,85572,37164
1.673,642066,362374
1.792,4145,1702
1.848,19768,8700
2.000,144707868,64785070
2.187,2894,1675
2.294,146588,77992
2.389,57241,32677
2.453,72940,33304
2.785,1097,553
2.845,3022,2065
3.136,16287,10228
3.250,1027,629
3.361,19660,8821
3.561,2315,1258
3.643,3350240,1990566
3.928,1623,759
3.995,11270,5829
4.104,7021,3974
4.215,4859,2982
4.312,1442,947
4.421,2513,1491
4.889,16758,7137
4.954,7629,2644
5.102,2597,934
5.327,13937,8445
6.193,1510,562
7.087,4099,1815
7.221,2707,707
7.387,1538,653

Source File: 20241202-0.1PO-2NH3-0.1ct-13.4min.TXT
1.498,39151,22291
1.563,97574,39624
1.608,67991,31119
1.673,755004,411835
1.791,4080,1626
1.849,19145,8347
2.001,139408499,62780041
2.118,2975,2651
2.187,2759,1603
2.294,186601,101606
2.390,55922,30357
2.454,74620,32522
2.846,2829,1901
3.136,15660,9780
3.361,22492,9107
3.561,2707,1307
3.642,3176336,1906849
3.928,1548,716
3.995,12284,6298
4.104,6613,3806
4.216,4778,2861
4.313,1412,879
4.422,2379,1388
4.890,19595,8651
4.954,8070,2732
5.102,2408,883
5.327,13486,8196
6.194,1057,496
7.087,3923,1741
7.221,2531,682
7.387,1419,617

Source File: 20241202-0.2PO-2NH3-0.1ct-10.0min.TXT
1.498,48784,28187
1.564,134775,35189
1.672,1840963,1004711
1.790,3506,1396
1.851,15053,5898
2.002,122606010,56418368
2.121,3359,2681
2.187,2409,1429
2.294,643941,382230
2.390,58743,28627
2.458,84509,31111
2.596,2972,914
2.847,1969,1264
3.137,14296,8974
3.362,21932,9466
3.561,3250,1138
3.641,2874673,1710413
3.928,1299,607
3.995,24465,12891
4.104,6173,3471
4.216,4654,2607
4.315,2079,940
4.422,1524,956
4.894,41417,10221
5.104,1454,635
5.329,11997,6862
6.193,1999,710
7.088,2760,1226

Source File: 20241202-0.2PO-2NH3-0.1ct-10.1min.TXT
1.499,41938,22941
1.565,106140,38038
1.611,50490,28901
1.673,1768060,940358
1.791,4104,1702
1.851,17860,7506
2.001,137243512,61574180
2.118,2586,2284
2.187,2629,1538
2.292,443833,259259
2.391,59402,30704
2.455,80173,32926
2.600,1212,546
2.847,2702,1845
3.137,15714,9809
3.361,24133,9455
3.561,2966,1356
3.642,3160596,1876072
3.928,1532,708
3.995,17660,9122
4.104,6643,3776
4.217,5031,2835
4.314,2747,1209
4.422,2434,1373
4.895,50506,14643
5.102,1668,706
5.329,13537,7839
6.193,1617,615
7.088,3983,1637
7.223,2630,617
7.388,1484,649

Source File: 20241202-0.2PO-2NH3-0.1ct-10.2min.TXT
1.498,46803,26446
1.565,146013,37666
1.672,2032786,1090585
1.791,3886,1581
1.851,16626,6892
2.002,130133003,59178043
2.119,3065,2562
2.187,2423,1438
2.292,582391,342637
2.390,58946,29615
2.456,81741,31891
2.596,1574,666
2.846,2419,1593
3.137,15180,9475
3.361,22511,9457
3.561,2275,1253
3.642,3049089,1803705
3.928,1427,668
3.995,21142,11136
4.104,6375,3614
4.216,5043,2708
4.314,2674,1214
4.421,1716,1082
4.895,48375,12777
5.104,1939,819
5.329,12800,7399
6.192,1853,676
7.087,3654,1472
7.222,2378,535
7.387,1410,608

Source File: 20241202-0.2PO-2NH3-0.1ct-10.3min.TXT
1.498,44739,24772
1.565,104358,38258
1.611,45841,25648
1.673,1952827,1046056
1.791,3885,1596
1.851,16884,7032
2.002,132412513,59966349
2.119,3034,2527
2.187,2535,1483
2.292,529612,309355
2.391,58574,29982
2.456,80222,31802
2.596,1373,614
2.847,2559,1674
3.137,15372,9676
3.361,23986,9733
3.561,2667,1306
3.642,3024052,1820542
3.928,1429,666
3.995,19408,10033
4.104,6375,3634
4.216,4941,2728
4.314,2772,1258
4.422,1778,1147
4.895,50667,13938
5.104,2125,908
5.329,13090,7555
6.194,1627,605
6.286,1008,339
7.088,3946,1640
7.221,2571,614
7.388,1463,631

Source File: 20241202-0.2PO-2NH3-0.1ct-10.4min.TXT
1.498,45397,26183
1.563,148675,39123
1.672,2014020,1107104
1.790,3824,1573
1.850,16999,7169
2.001,132290527,60105872
2.118,2977,2556
2.186,2476,1482
2.291,547362,326414
2.390,58884,30152
2.455,81314,32186
2.595,1357,602
2.846,2370,1601
3.137,15320,9591
3.361,22476,9446
3.561,2228,1244
3.642,3058533,1845222
3.928,1425,673
3.995,20483,10668
4.104,6467,3670
4.216,4972,2755
4.314,2942,1211
4.422,2169,1238
4.894,49116,13410
5.104,2098,892
5.329,12889,7402
6.193,1807,640
7.087,3772,1621
7.222,2466,601
7.387,1410,612

Source File: 20241202-0.2PO-4NH3-0.05ct-7.00min.TXT
1.499,34149,18697
1.564,91682,38170
1.608,69556,32199
1.673,695661,381912
1.791,3920,1580
1.849,19685,8713
2.001,139335542,62822479
2.118,2750,2391
2.189,3011,1686
2.294,170932,92253
2.390,56914,31124
2.454,76208,32606
2.604,2134,550
2.786,1369,542
2.846,2879,1903
3.136,15978,10010
3.361,22940,9164
3.561,2545,1219
3.642,3247714,1938691
3.928,1558,720
3.995,11499,5819
4.104,6810,3906
4.216,4944,2915
4.313,1479,913
4.422,2471,1429
4.890,18055,7505
4.953,8602,2907
5.104,3216,1174
5.327,13582,8229
6.193,1119,511
7.087,3925,1708
7.222,2548,658
7.387,1459,627

Source File: 20241202-0.2PO-4NH3-0.05ct-7.05min.TXT
1.498,36421,20214
1.563,92137,38906
1.607,69992,33074
1.673,912649,505018
1.790,3920,1553
1.848,20967,9329
2.001,141627109,63510908
2.117,2870,2595
2.188,2956,1692
2.297,69569,33514
2.389,51451,30345
2.454,65822,30887
2.846,2872,1929
3.136,16018,10070
3.250,1260,708
3.361,22235,9239
3.642,3152767,1886520
3.928,1614,726
3.996,8009,4106
4.104,6610,3781
4.216,4503,2832
4.312,1277,866
4.422,2346,1389
4.888,10977,4318
4.954,4615,1980
5.104,3275,1107
5.326,14085,8417
7.086,3828,1833
7.217,2521,754
7.387,1336,619

Source File: 20241202-0.2PO-4NH3-0.05ct-7.10min.TXT
1.498,38791,21460
1.564,92675,38777
1.609,66918,30889
1.673,1004973,547899
1.791,3761,1549
1.849,20879,9210
2.001,140291334,62970481
2.118,3231,2870
2.187,2800,1624
2.297,82870,40847
2.390,50707,29440
2.454,66045,30529
2.846,2829,1879
3.136,15885,9996
3.251,1202,686
3.361,23689,9685
3.561,2270,1097
3.643,3271245,1933677
3.928,1641,741
3.997,8609,4431
4.104,6858,3886
4.216,4622,2920
4.313,1288,876
4.421,2386,1410
4.887,11679,4645
4.954,4358,1915
5.105,3144,1107
5.326,13484,8166
7.085,3951,1910
7.217,2645,815
7.387,1378,632

Source File: 20241202-0.2PO-4NH3-0.05ct-7.15min.TXT
1.499,39857,21120
1.565,104868,36493
1.612,55131,30098
1.673,1026134,536801
1.791,3643,1503
1.851,20020,8592
2.002,138128402,61667691
2.120,3505,2991
2.188,2798,1605
2.298,89762,45446
2.391,49945,28694
2.455,64665,28638
2.848,2755,1787
3.137,15704,9687
3.251,1242,705
3.361,25438,10164
3.642,3148905,1884387
3.929,1565,728
3.997,8839,4444
4.105,6585,3783
4.216,4450,2824
4.313,1251,857
4.422,1973,1277
4.887,12148,5026
4.955,4426,1918
5.105,3336,1159
5.327,13398,8204
5.474,1009,482
6.195,1019,396
7.085,4065,2015
7.217,2804,872
7.387,1378,635

Source File: 20241202-0.2PO-4NH3-0.05ct-7.20min.TXT
1.499,37226,20362
1.564,93225,39151
1.608,70035,32750
1.673,939549,513487
1.791,3741,1556
1.849,21175,9390
2.001,142069042,63663204
2.118,3116,2794
2.187,2929,1697
2.297,73680,36003
2.390,51319,29888
2.454,64971,30482
2.846,2862,1925
3.136,16176,10174
3.251,1249,709
3.361,24681,10053
3.642,3152160,1877193
3.929,1601,728
3.997,8115,4174
4.104,6634,3765
4.216,4416,2808
4.313,1242,842
4.422,2305,1393
4.888,11892,4942
4.955,4283,1909
5.105,3329,1201
5.327,13714,8372
6.196,1003,387
7.084,4056,1998
7.216,2782,882
7.387,1390,636

